63
64
65
66
70
71
74
79
81
231
232
233
234
235
237
238
240
241
246
253
258
262
274
287
297
298
309
406
407
409
412
448
474
476
481
483
490
497
568
569
570
573
577
580
581
582
586
616
617
620
621
626
627
632
635
638
643
647
648
652
655
809
810
811
813
817
823
825
831
833
839
841
859
861
992
1004
1014
1016
1024
1029
1036
1046
1050
1054
1056
1060
1062
1080
1100
1110
1112
1124
1128
1130
1142
1153
1154
1621
1674
1675
1676
1679
1680
1687
1724
1732
1741
1751
1759
1765
1767
1769
1777
1783
1796
1804
1926
1929
1930
1931
1937
1939
1943
1946
1947
1948
1949
1952
1953
1954
1961
1962
1971
1975
1983
1987
2061
2094
2239
2240
2241
2393
2402
2406
2408
6285
