63
85
267
289
307
309
360
480
495
588
589
598
612
623
638
663
1028
1057
1078
1117
1154
1466
1484
1494
1673
1687
1743
1771
1929
1952
1957
2085
2330
2340
2403
2418
2423
2508
2712
2820
2832
2834
2836
2838
2841
2940
3002
3243
3377
3379
3586
3645
3820
4094
4115
4223
4241
4277
4545
4549
4550
4656
4766
5290
5520
5521
5679
6157
7711
7712
7748
7751
7755
7971
7992
7998
8120
11342
11347
11426
11438
11440
11469
11478
16156
16160
16166
16168
17562
17971
18271
18601
18606
18698
18740
18817
18823
18849
18911
18924
18932
18937
18939
18945
18951
18955
19371
19447
19454
19462
19465
19504
19505
19506
19517
19612
20408
20409
20411
20462
20463
20763
21216
21219
21224
21225
21226
22352
22354
22358
22361
22365
22375
22600
23384
23391
23393
23550
23567
23714
24832
25587
25999
26087
26128
26622
26867
26868
26873
26876
26878
26880
26927
26936
26938
26949
26952
26955
27053
27056
27057
27059
27062
27066
27069
27100
27105
27156
27179
27180
27188
27189
27190
27195
27197
27198
27199
27201
27225
27230
27231
27234
27244
27245
27258
27260
27265
27267
27270
27271
27273
27278
27281
27286
27291
27335
27337
27339
27342
27351
27355
27357
27358
27359
27360
27364
27366
27368
27369
27416
27417
27421
27425
27426
27433
27435
27437
27439
27524
27525
27531
27532
27536
27537
27539
27541
27543
27544
27602
27604
27605
27606
27607
27617
27620
27622
27632
27637
27644
27647
27649
27658
27662
27670
27686
27760
27860
27867
27868
27871
27875
27876
27890
27939
27945
27946
28020
28022
28025
28029
28036
28043
28049
28080
28244
28245
28246
28256
28267
28271
28272
28275
28277
28278
28281
28283
28285
28335
28338
28355
28356
28357
28359
28395
28399
28413
28476
28479
28481
28511
28512
28526
28527
28531
28545
28546
28702
28715
28722
28733
28776
28779
28832
28862
28864
28866
28872
28873
28875
28878
28881
29243
29247
29251
29252
29253
29254
29256
29257
29258
29259
29260
29262
29263
29296
29299
29301
29304
