68
81
237
245
253
302
357
358
448
481
570
573
575
604
647
819
839
1004
1016
1075
1153
1513
1621
1686
1725
1741
1744
1746
1754
1764
1775
1947
1961
1983
2079
2207
2323
2400
2406
2410
2426
2507
2509
2700
2924
2928
3032
3124
3179
3185
3198
3237
3238
3240
3755
3864
4555
4790
4977
7115
7704
7706
7749
7753
7945
7946
7947
7993
8117
8119
8135
11335
11340
11341
11437
11470
16153
16157
16158
16159
16163
18264
18595
18600
18727
18760
18766
18816
18818
18837
18852
18856
18912
18927
18928
18930
18933
18934
18942
18950
19360
19368
19449
19453
19469
19524
19595
20405
20419
21215
21481
22351
22371
23462
23464
23542
23543
23554
24603
24666
24817
25052
25098
25885
26228
26531
26633
26823
26824
26826
26829
26831
26882
26884
26885
26935
26937
26942
26945
26951
26954
26956
26957
26959
26960
27064
27070
27101
27103
27104
27106
27149
27150
27155
27159
27165
27166
27181
27182
27191
27192
27193
27196
27229
27232
27243
27248
27249
27250
27251
27252
27253
27256
27259
27261
27262
27275
27279
27287
27333
27341
27347
27348
27354
27370
27419
27420
27422
27423
27428
27526
27535
27540
27601
27609
27621
27629
27633
27636
27645
27651
27655
27666
27671
27746
27747
27854
27870
27873
27933
27935
27936
27937
27938
27942
27943
27969
27975
28034
28037
28048
28050
28265
28273
28280
28282
28334
28336
28414
28471
28472
28473
28480
28482
28483
28515
28708
28709
28711
28712
