264
275
576
580
583
646
652
660
824
1021
1033
1045
1050
1052
1060
1097
1478
1671
1726
1735
1740
1742
1756
1769
1776
1946
1953
1954
1971
2064
2087
2188
2243
2333
2420
2499
2678
3036
3097
3116
3364
3368
3431
3862
3869
4655
5065
5924
8033
8125
11338
11346
11348
11362
11364
11365
11428
11448
11458
18596
18822
18828
18831
18844
18850
18851
18929
18931
18938
18948
18959
19361
19366
19367
19457
19610
20420
20764
22356
22363
25022
26198
26825
26830
26871
26898
26900
26901
26940
26941
26948
26953
26958
26962
26990
27048
27049
27051
27060
27068
27102
27107
27146
27163
27169
27170
27178
27226
27228
27242
27247
27334
27336
27338
27346
27349
27427
27520
27522
27627
27638
27641
27648
27668
27672
27676
27858
27861
27866
28018
28046
28376
28377
