66
78
82
86
236
241
254
256
263
271
274
287
288
291
304
309
384
385
391
446
474
481
568
576
587
604
631
633
635
647
650
833
845
859
972
994
996
1008
1010
1044
1049
1062
1066
1078
1108
1112
1116
1144
1452
1458
1494
1514
1676
1725
1743
1746
1750
1754
1759
1760
1763
1764
1767
1775
1933
1935
1955
1957
1967
2083
2096
2204
2230
2243
2244
2249
2299
2322
2333
2334
2335
2405
2408
2412
2426
2431
2509
2513
2660
2661
2665
2712
2713
2826
2832
2840
2926
3004
3008
3032
3033
3040
3046
3097
3100
3102
3104
3109
3115
3126
3179
3237
3243
3360
3379
3490
3586
3823
4025
4093
4116
4241
4251
4252
4520
4656
4660
4790
4977
5203
5298
5520
5521
5524
5685
5691
6870
7162
7711
7713
7715
7751
7753
7944
7971
7992
7994
7998
8112
8115
8120
11298
11339
11360
11425
11427
11430
11441
11456
11457
11466
11469
11474
16155
16175
16177
17562
17931
18037
18271
18593
18600
18607
18610
18611
18612
18725
18726
18740
18760
18763
18777
18779
18795
18796
18812
18816
18818
18821
18823
18829
18837
18851
18852
18856
18860
18914
18936
18937
18940
18941
18945
18946
18950
18951
18954
18955
18956
18959
19367
19368
19370
19446
19456
19457
19458
19462
19473
19490
19491
19511
19513
19514
19516
19520
19524
19525
19526
19606
19610
20405
20408
20409
20420
20462
20463
20464
20466
21208
21214
21217
21220
21224
22352
22353
22358
22359
22361
22363
22364
22368
22369
22371
22372
22374
22376
22552
22578
22598
22600
23392
23398
23406
23463
23464
23467
23523
23527
23534
23541
23547
23548
23549
23551
23552
23553
23554
23566
23714
