234
237
245
246
268
275
289
293
302
404
573
575
594
612
617
626
648
819
825
829
841
855
861
1004
1050
1053
1080
1090
1102
1154
1497
1621
1671
1674
1687
1726
1727
1732
1741
1765
1768
1769
1781
1783
1796
1804
1928
1929
1930
1937
1954
1983
2061
2062
2074
2085
2188
2400
2403
2404
2406
2409
2428
2534
2894
2925
2928
2934
3002
3314
3368
3869
4092
4223
4631
4665
4766
4959
4971
5344
5368
5766
8032
8034
8113
8117
8123
8125
8135
8183
11336
11337
11338
11343
11344
11346
11364
11365
11424
11428
11432
11433
11446
11447
11461
11470
16153
16156
16159
16160
16161
16164
16166
16167
16168
16169
16172
16173
18595
18601
18609
18826
18921
18922
18923
18933
18935
18939
18942
18960
19447
19449
19454
19459
19468
19469
19505
19595
20495
20496
23462
