2
26
27
42
45
47
50
52
119
135
140
145
146
158
162
164
173
179
182
217
225
228
345
363
393
394
426
436
517
527
528
532
548
554
672
675
681
690
692
693
712
720
721
728
730
740
758
770
771
772
786
799
801
802
804
950
954
1177
1201
1203
1217
1231
1260
1301
1303
1325
1525
1529
1542
1554
1572
1592
1608
1636
1698
1716
1813
1818
1821
1823
1824
1825
1836
1850
1868
1869
1872
1874
1880
1881
1887
2006
2032
2034
2038
2040
2054
2069
2071
2110
2174
2179
2210
2219
2227
2258
2265
2277
2285
2289
2302
2309
2311
2312
2316
2344
2349
2355
2367
2368
2462
2470
2481
2487
2491
2497
2554
2560
2574
2590
2598
2600
2626
2627
2640
2641
2654
2728
2784
2859
2886
2905
2944
2949
2953
2962
2965
2968
2971
2991
2995
3051
3053
3064
3067
3077
3134
3137
3144
3147
3155
3158
3167
3204
3205
3279
3311
3325
3349
3353
3355
3407
3434
3437
3444
3447
3457
3595
3596
3914
4006
4044
4057
4136
4144
4316
4340
4361
4369
4468
4482
4573
4575
4603
4627
4638
4699
4702
4704
4722
4723
4726
4997
4999
5001
5005
5007
5271
5297
5306
5314
5568
5577
5583
5662
5670
5793
5794
5932
6342
6841
6845
7624
7625
7689
7694
7698
7701
7703
7722
7725
7726
7729
7730
7732
7734
7736
7744
7958
7959
7961
7964
7978
7985
8006
8010
8023
8047
8050
8052
8054
8058
8062
8071
8073
8075
8077
8079
8081
8087
8097
8099
11312
11317
11328
11330
11354
11366
11374
11384
11387
11388
11394
11396
11397
11402
11405
11406
11409
11413
11417
11420
11489
11493
11494
11500
11501
11506
11508
11516
11518
11524
11528
16112
16122
16126
16130
16131
16134
16137
16142
16143
16145
18201
18555
18564
18568
18572
18573
18574
18575
18576
18586
18592
18730
18732
18750
18770
18773
18789
18790
18875
18882
18884
18885
18887
18893
18897
18898
18900
18904
18919
18962
18967
18970
18973
18976
18978
18980
18981
18986
18993
18995
18997
19010
19016
19018
19363
19365
19378
19380
19388
19390
19391
19394
19397
19398
19399
19400
19409
19411
19413
19418
19423
19424
19427
19429
19430
19432
19434
19438
19439
19440
19481
19482
19485
19496
19497
19503
19534
19538
19542
19548
19554
19555
19556
19557
19558
19559
19561
19569
19580
19583
19623
19627
19628
19634
19636
19638
19639
19642
19653
19656
19657
19661
19665
19666
20434
20437
20468
20472
20476
20478
20479
20491
20493
20765
21210
21232
21234
21239
21476
22348
22379
22384
22385
22387
22388
22389
22393
22395
22400
22401
22402
22405
22407
22408
22517
22523
22524
22569
22586
22588
22589
22591
22592
22593
22594
22595
22596
23408
23411
23412
23414
23416
23417
23419
23420
23421
23424
23427
23428
23430
23431
23440
23454
23458
23461
23472
23475
23476
23482
23485
23501
23512
23573
23578
23579
23582
23585
23587
23594
23599
23601
