8
15
19
38
127
129
135
142
153
166
333
344
433
435
467
506
515
529
530
551
666
676
681
700
706
711
714
740
742
747
753
874
926
985
1195
1198
1208
1213
1234
1269
1273
1284
1289
1290
1299
1324
1341
1395
1536
1557
1558
1562
1625
1631
1652
1657
1712
1715
1815
1855
1991
1993
2001
2005
2045
2059
2123
2124
2141
2176
2184
2193
2260
2261
2263
2268
2442
2453
2460
2478
2553
2788
2880
2882
2945
2946
3012
3142
3787
4082
4303
4315
4999
5013
5025
5374
5708
7641
7691
7720
7725
7780
7975
8009
8038
8041
8051
8056
8060
8068
8147
11301
11380
11386
11390
11393
11395
11408
11484
11493
16118
16127
16147
18563
18569
18583
18791
18870
18877
18915
18961
18968
18969
18977
19006
19007
19386
19387
19390
19396
19411
19422
19486
19496
19502
20429
20489
20766
23485
23580
23583
23585
23593
24421
24654
25014
25471
25849
25896
26109
26522
26627
26821
26845
26847
26849
26890
26894
26902
26924
26931
26934
26967
26971
26978
26993
26999
27000
27009
27014
27024
27027
27029
27030
27042
27078
27081
27083
27088
27089
27094
27109
27110
27112
27114
27124
27129
27134
27139
27143
27183
27215
27216
27227
27294
27374
27375
27377
27382
27383
27395
27450
27457
27460
27468
27475
27476
27486
27498
27499
27508
27548
27560
27569
27572
27588
27689
27694
27699
27701
27717
27742
27745
27752
27842
27905
27986
28052
28054
28056
28057
28071
28073
28074
