1
2
31
102
128
160
188
203
323
340
415
417
513
531
552
557
699
710
761
802
866
881
924
964
1205
1216
1218
1228
1251
1254
1278
1283
1295
1306
1382
1522
1535
1584
1612
1703
1811
1818
1849
1853
1870
1874
1883
1887
1917
2002
2013
2022
2032
2037
2066
2173
2200
2258
2302
2354
2367
2437
2438
2455
2456
2463
2467
2469
2470
2474
2559
2563
2596
2606
2730
2754
2803
2855
2860
2872
2876
2877
2896
2899
2900
2950
2994
3062
3079
3092
3134
3137
3140
3141
3204
3212
3268
3276
3279
3298
3336
3349
3407
3412
3440
3547
3682
3855
3884
4081
4304
4365
4397
4585
4589
4732
4918
5038
5137
5230
5271
5645
5828
7644
7721
7724
7726
7735
7950
7953
7954
7965
7976
8005
8011
8057
8058
8059
8064
8065
8075
8095
8099
11300
11302
11303
11315
11319
11381
11382
11399
11402
11422
11507
11510
11528
16114
16115
16117
16120
16123
16124
16132
16134
16135
16146
18561
18566
18570
18571
18578
18581
18585
18730
18736
18742
18772
18780
18787
18865
18872
18873
18875
18965
18975
18989
18990
18991
18994
19381
19403
19421
19437
19442
19479
19482
19488
19498
19539
19650
19657
20397
20427
20441
20451
20490
20492
21472
22379
22384
22385
22389
22390
22519
22524
22531
22568
22588
22591
23423
23446
23458
23472
23582
23587
23594
24594
24595
24596
24735
24808
24812
24911
24986
25030
25480
25853
25915
25921
26005
26006
26097
26112
26490
26506
26507
26774
26818
26820
26846
26848
26851
26888
26905
26917
26918
26920
26922
26925
26932
26933
26975
26981
26983
26985
26986
26987
26995
26996
26998
27003
27005
27006
27016
27019
27020
27023
27028
27039
27040
27076
27079
27082
27086
27095
27096
27099
27115
27119
27122
27137
27138
27203
27206
27208
27217
27220
27221
27236
27295
27296
27308
27314
27318
27322
27325
27326
27327
27330
27376
27381
27384
27386
27387
27389
27391
27394
27396
27402
27447
27448
27453
27454
27455
27459
27461
27469
27471
27473
27483
27490
27492
27495
27496
27501
27506
27565
27568
27577
27585
27691
27696
27708
27709
27711
27712
27715
27722
27724
27743
27750
27763
27843
27853
27887
27910
27911
27917
27918
27920
27949
27952
27958
27977
27979
27982
27983
27988
27995
28002
28005
28006
28008
28061
28065
28066
28077
28078
28295
28297
28310
28314
28319
28321
28322
28328
28364
28367
28372
28375
28387
28388
28411
28486
28487
28488
28489
28491
28493
28494
28516
28517
28518
28519
28536
28685
28690
28694
28695
28696
