7
27
90
416
437
466
504
507
539
673
674
675
677
689
691
694
695
704
705
717
734
743
760
778
883
885
903
919
1184
1239
1266
1287
1552
1632
1656
1663
1704
1809
1814
1817
1835
1837
1847
1852
1900
1996
2142
2259
2275
2783
3169
3543
5002
5006
5500
5583
7697
7717
8004
8108
11307
11358
11389
11401
11413
11483
11485
11490
16126
16133
18564
18565
18577
18752
18874
18878
18879
18883
18885
18901
18963
18964
18974
18982
19002
19013
19375
19384
19385
19417
19424
19626
20431
22565
23572
24901
24908
25000
25923
26543
26835
26966
26969
26970
26979
26982
26994
27002
27004
27017
27018
27022
27038
27116
27126
27175
27176
27177
27445
27446
27485
27511
27690
27718
27738
27744
27989
