6
9
26
45
47
49
52
91
130
134
150
154
156
158
164
195
312
345
363
382
394
420
421
512
518
523
556
702
712
722
725
732
737
756
759
776
781
897
916
986
1222
1225
1231
1264
1303
1401
1592
1597
1639
1647
1698
1719
1813
1833
1850
1997
2020
2030
2038
2114
2122
2128
2168
2174
2284
2303
2311
2316
2345
2350
2363
2464
2497
2579
2582
2586
2627
2636
2645
2723
2786
2816
2822
2897
2917
2944
2965
2971
2987
2995
3011
3015
3055
3067
3082
3153
3175
3207
3213
3218
3224
3231
3296
3350
3352
3390
3393
3400
3409
3410
3442
3790
3887
4084
4154
4182
4194
4205
4316
4603
4704
4848
4878
4901
4910
5134
5358
5409
5559
5577
5619
5665
5670
5709
5726
5736
5787
5932
6193
7701
7723
7743
7977
7978
7981
7982
8002
8006
8023
8084
8104
11304
11308
11323
11325
11367
11370
11372
11396
11400
11406
11418
11421
11482
11491
11499
11502
16119
16129
16136
18201
18319
18555
18572
18738
18745
18751
18771
18781
18804
18805
18807
18867
18876
18884
18895
18897
18971
18986
19000
19009
19397
19405
19425
19426
19440
19489
19528
19536
19551
19553
19569
19574
19581
19583
19599
19624
19627
20434
20448
20468
20475
20488
21205
21474
21482
22382
22404
22525
22592
22595
23414
23416
23429
23430
23445
23500
23506
23516
23576
23589
23726
23919
24464
24642
24644
24711
24720
24807
24859
24860
24920
25076
25092
25118
25172
25491
25504
25546
25800
26021
26088
26089
26182
26822
26837
26839
26840
26843
26865
26869
26903
26904
26911
26919
26923
26977
26980
26984
26988
26989
26991
26992
27010
27012
27013
27015
27021
27031
27035
27043
27044
27080
27084
27085
27090
27092
27097
27098
27113
27120
27123
27142
27185
27186
27204
27211
27212
27213
27235
27298
27301
27302
27304
27305
27306
27311
27312
27313
27317
27321
27372
27373
27385
27390
27393
27399
27400
27405
27410
27412
27413
27444
27449
27466
27479
27487
27491
27497
27502
27503
27504
27507
27509
27512
27514
27516
27518
27546
27547
27553
27554
27556
27557
27558
27566
27567
27570
27573
27574
27575
27576
27581
27582
27584
27587
27692
27719
27720
27733
27734
27739
27749
27751
27755
27757
27758
27759
27762
27844
27846
27847
27848
27851
27877
27880
27906
27908
27909
27929
27953
27960
27961
27981
27985
27987
27992
27994
27996
27997
27998
27999
28000
28001
28007
28010
28011
28016
28059
28067
28068
28070
28072
28075
28081
28082
28083
28243
28257
28259
28291
28299
28301
28312
28313
28315
28316
28318
28327
28329
28330
28331
28342
28343
28344
28349
28360
28362
28365
28369
28373
28374
28379
28381
28390
28393
28400
28490
28522
28542
28543
28691
28698
28699
28701
28739
28740
28741
28747
28753
28757
28762
28763
28764
28823
28826
28827
28846
28847
29191
29194
29202
29206
29208
29209
29210
29211
29213
29216
29217
29221
29224
29227
29230
29234
29265
29268
29270
29271
29276
29279
29281
29283
29284
29287
29292
29293
29305
29306
29308
29313
29319
29321
